13
15
21
23
27
35
37
45
51
53
57
65
73
75
107
111
117
141
147
161
177
225
255
301
343
361
401
407
417
431
433
463
467
471
631
643
661
667
701
711
717
747
767
3331
3411
4043
4443
4611
5205
6007
6101
6441
6477
6707
6777
7461
7641
47777
60171
60411
60741
444641
500025
505525
3344441
4444477
5500525
5550525
55555025
444444441
744444441
77774444441
7777777777771
555555555555525
44444444444444444444444444444444444444444444444444444444444444444444444444444444444444444444444444444444444444444444444444444444444444444444444444444444444444444444444444444444444444444444444444444444444444444444444444447
