12
14
18
21
25
32
34
41
45
47
52
58
65
67
74
78
81
87
117
131
135
151
155
175
177
238
272
308
315
331
337
355
371
375
377
438
504
515
517
531
537
557
564
601
638
661
702
711
722
735
737
751
755
757
771
805
838
1011
1015
1101
1701
2027
2207
3017
3057
3101
3501
3561
3611
3688
3868
5035
5051
5071
5101
5501
5554
5705
5707
7017
7075
7105
7301
8535
8544
8555
8854
20777
22227
22777
30161
33388
50161
50611
53335
55111
55535
55551
57061
57775
70631
71007
77207
100037
100071
100761
105007
270707
301111
305111
333035
333385
333835
338885
350007
500075
530005
555611
631111
720707
2770007
3030335
7776662
30300005
30333335
38333335
51116111
70000361
300030005
300033305
351111111
1300000007
5161111111
8333333335
300000000035
311111111161
544444444444
2000000000007
5700000000001
7270000000007
88888888833335
100000000000507
5111111111111161
7277777777777777707
8888888888888888888335
30000000000000000000051
1000000000000000000000000057
56111111111111111111111111111111111111
7666666666666666666666666666666666666666666666666666666666666666666666666666666666666666666666666666666666666666666666666666666666666666666666666666666666666666666666666666666666666666666666666666666666666666666666666666666666666666666666666666666666666666666666666666666666666666666666666666666666666666666666666666666666666666662
27777777777777777777777777777777777777777777777777777777777777777777777777777777777777777777777777777777777777777777777777777777777777777777777777777777777777777777777777777777777777777777777777777777777777777777777777777777777777777777777777777777777777777777777777777777777777777777777777777777777777777777777777777777777777777777777777777777777777777777777777777777777777777777777777777777777777777777777777777777777777777777777777777777777777777777777777777777777777777777777777777777777777777777777777777777777777777777777777777777777777777777777777777777777777777777777777777777777777777777777777777777777777777777777777777777777777777777777777777777777777777777777777777777777777707
3(0^1158)11
