2
3
5
7
17
19
23
37
61
73
97
157
193
271
577
937
1009
1153
1601
2017
2657
3889
4177
6337
10433
14281
28393
47521
54721
88993
181297
428041
441281
680401
1471069
1590049
1609669
283763713
407865361
815702161
29975087953
127028743393
659481276875569
6654909974864689
9818892432332713
403791981344275297
558181416418089697
68675120456139881482562689
5247817273269739636080024961
5497355933986265726220616321
8299042833797200969471889569
11352931040252580224415980746369
14977427998321433931503086910333672833
1254231814340655898910816148400589019431596446546227589116353
1032606621363411464640473542092061600217962755283816476128113983937
69182564319997130180605697247400457414384976996493032404941263962281838750790367202497
568237001
