2
19
31
109297
3
5
7
13
17
173
677
26881
66221
681293
97942133
259295161
14470172263033
338286119038330712762413
290239124722842089063959709049053
653232415498966703733844628508837896653840155481
379451498124467263820861635713791153022115561468202207
279199061472649689615930789290784389297167871396904357110743
1384373876515664637505212635924165594465321760258840871511411786350624738633484828791133727236461170591174630534160513229781774297846970164408140523041226422117818398319695254578619199849760452087786124662443704776577
