2
3
7
13
19
31
37
709
3541
47791
16441898216641
254250862891621
334945708538658924935948356996883525107
10265667109489266992108219345733472151257
1311074895191091284466533625050044762267011115706300424823729
44340576013409754914900950202875547293005723513717456171787198756631
2103420566918963951759533590835824764461103438302184671333209127725599019489285520265213229352751809
12208881582946385654899860990001757252471606889117304184413558953619365322540624601042724542088221802315583648098245658899088068737844940931635084679
11969
