2
3
5
7
11
17
61
157
283
1693
28393
36097
75389
183959
1924651
19216136497
498851139881
455036140638637
590202369266263393
99886248944632632917
233628485003849577181
534280344481909234853671069326391741
94531330515097101267386264339794253977
3245178229485124818467952891417691434077
27969827431131578608318126024627616357147784803797
11115817275335148917954015002557952566307536942860218007811602609261629657
6689332022177823873005978015409396373354270071109241328535423429328845721593
5543378280211344540691655347780558748654344430063949129745782414473344697955103777273
15043455340191587616839427770993622195245207119560803944164341928800426196058467152413750798569529
13
167
307
59107
217409
3331460458237
