2
157
373
3
5
7
19
31
43
47
139
191
457
1787
2467
3221
7867
11731
41953
46441
47881
137713
399097
820459
100745107
113958101
990000731
1719861571
4811469913
7505944891
48713705333
61040960263
638073026189
2376829061449
24648570768391
219815829325921729
62174327387790051073
190324492938225748951
266030354191322260711
816214079084081564521
1236385853432057889667843739281
25280883279243199352415750302719
989723472495640900314985156529340457
25896916098621777025320461067950269867
2219821955745760247086895900084483710540707577
703525130194638933868239585175540752922537827762121
17730863455565010457215015481519172763685683806181388676488969177
12967950356237506524625257589572120616290855806877047629652249726736719528602631785079368878205873
163999280063697130040982728924055876311470968211710252064206781009603915542925300685365707866574138796935253149489359990766368734134350369749933666401794892196887421096367532992158528883588183835413801908901585216593677632269399204990871314284576393924606336475676111236976765773669307415435677128440751325191
