2
5
7
13
17
2657
4513
13537
14281
36097
41737
75389
183959
441281
283763713
407865361
9426289921
19216136497
498851139881
553784729353
188172028979257
1232912541076129
99886248944632632917
398225319299696783138113
7663511503164270157006126605793
534280344481909234853671069326391741
3245178229485124818467952891417691434077
8935170451146532986983277856738508374630999814576686938913
77890559132032011289583328969042882844985058849182163039234409
11115817275335148917954015002557952566307536942860218007811602609261629657
3
23
14897
79601
178282493
21213414281
